{
  "advancedEditorSelectedIdentifier" : "ProjectBrowser",
  "openSceneRelativePaths" : [
    "Immersive.usda",
    "mundoRampa.usda"
  ],
  "recentIdentifiers" : {
    "397D1B20-8233-40CA-837A-897FFA3E985C" : [

    ],
    "AF09ED6F-1707-48FD-8720-65B998362C09" : [

    ]
  },
  "sceneCameraHistory" : {
    "81A59E49-2A27-4B05-9DA2-D966E8E0D638" : [
      {
        "date" : 733148501.820258,
        "title" : "Untitled",
        "transform" : [
          0.9999799,
          6.9246064e-10,
          -0.0063509527,
          0,
          -0.0031181118,
          0.871178,
          -0.49095762,
          0,
          0.0055328086,
          0.49096745,
          0.8711603,
          0,
          0.10327612,
          0.98959225,
          0.41796643,
          1
        ]
      },
      {
        "date" : 733148497.382528,
        "title" : "Untitled",
        "transform" : [
          0.9999799,
          6.9246064e-10,
          -0.0063509527,
          0,
          -0.0031181118,
          0.871178,
          -0.49095762,
          0,
          0.0055328086,
          0.49096745,
          0.8711603,
          0,
          0.1282321,
          2.8027582,
          3.5592246,
          1
        ]
      },
      {
        "date" : 733148444.248178,
        "title" : "Untitled",
        "transform" : [
          0.9999799,
          6.9246064e-10,
          -0.0063509527,
          0,
          -0.0031181118,
          0.871178,
          -0.49095762,
          0,
          0.0055328086,
          0.49096745,
          0.8711603,
          0,
          0.1282321,
          2.8027582,
          3.5592246,
          1
        ]
      },
      {
        "date" : 733148432.690634,
        "title" : "Untitled",
        "transform" : [
          0.9999798,
          3.6188403e-09,
          -0.0063509434,
          0,
          -0.0029965937,
          0.8816874,
          -0.4718246,
          0,
          0.005599564,
          0.47183406,
          0.8816696,
          0,
          1.6048267,
          0.87945825,
          -0.22981238,
          1
        ]
      },
      {
        "date" : 733148430.512227,
        "title" : "Untitled",
        "transform" : [
          0.9999798,
          3.6188403e-09,
          -0.0063509434,
          0,
          -0.0029965937,
          0.8816874,
          -0.4718246,
          0,
          0.005599564,
          0.47183406,
          0.8816696,
          0,
          0.6685157,
          0.79561955,
          -0.17899895,
          1
        ]
      },
      {
        "date" : 733148423.280749,
        "title" : "Untitled",
        "transform" : [
          0.9999798,
          3.6188403e-09,
          -0.0063509434,
          0,
          -0.0029965937,
          0.8816874,
          -0.4718246,
          0,
          0.005599564,
          0.47183406,
          0.8816696,
          0,
          0.3360765,
          1.5191532,
          1.776173,
          1
        ]
      },
      {
        "date" : 733148420.147824,
        "title" : "Untitled",
        "transform" : [
          0.99341476,
          3.6188403e-09,
          -0.11457355,
          0,
          -0.05405971,
          0.8816874,
          -0.46872696,
          0,
          0.10101807,
          0.47183406,
          0.87588125,
          0,
          0.33681506,
          0.15017156,
          -0.71255374,
          1
        ]
      },
      {
        "date" : 733148409.97148,
        "title" : "Untitled",
        "transform" : [
          0.8687196,
          3.6188408e-09,
          0.49530438,
          0,
          0.23370148,
          0.8816874,
          -0.4098915,
          0,
          -0.43670356,
          0.47183406,
          0.765939,
          0,
          -2.62779,
          2.886425,
          3.1003964,
          1
        ]
      },
      {
        "date" : 733148408.242724,
        "title" : "Untitled",
        "transform" : [
          0.8687195,
          5.77339e-09,
          0.49530438,
          0,
          0.22028081,
          0.8956605,
          -0.38635284,
          0,
          -0.44362456,
          0.44473833,
          0.7780778,
          0,
          0.18570554,
          0.18736705,
          -1.205318,
          1
        ]
      },
      {
        "date" : 733148401.379406,
        "title" : "Untitled",
        "transform" : [
          0.9851435,
          5.77339e-09,
          0.1717333,
          0,
          0.07637636,
          0.8956605,
          -0.43813103,
          0,
          -0.15381473,
          0.44473833,
          0.88235414,
          0,
          0.37948945,
          0.18748322,
          -1.0006542,
          1
        ]
      }
    ],
    "397D1B20-8233-40CA-837A-897FFA3E985C" : [
      {
        "date" : 733932569.875027,
        "title" : "Untitled",
        "transform" : [
          0.99996585,
          -1.3789237e-08,
          -0.00826801,
          0,
          -0.004069484,
          0.87048346,
          -0.49218094,
          0,
          0.007197172,
          0.49219775,
          0.8704537,
          0,
          0.5902596,
          0.9012959,
          -0.5733105,
          1
        ]
      },
      {
        "date" : 733932550.123369,
        "title" : "Untitled",
        "transform" : [
          0.99996585,
          -1.3789237e-08,
          -0.00826801,
          0,
          -0.004069484,
          0.87048346,
          -0.49218094,
          0,
          0.007197172,
          0.49219775,
          0.8704537,
          0,
          0.793223,
          0.5615917,
          -0.82501316,
          1
        ]
      },
      {
        "date" : 733932526.397983,
        "title" : "Untitled",
        "transform" : [
          0.99996585,
          -1.3789237e-08,
          -0.00826801,
          0,
          -0.004069484,
          0.87048346,
          -0.49218094,
          0,
          0.007197172,
          0.49219775,
          0.8704537,
          0,
          0.56921536,
          0.2930125,
          -1.5628796,
          1
        ]
      },
      {
        "date" : 733932516.356013,
        "title" : "Untitled",
        "transform" : [
          0.99996585,
          -1.3789237e-08,
          -0.00826801,
          0,
          -0.004069484,
          0.87048346,
          -0.49218094,
          0,
          0.007197172,
          0.49219775,
          0.8704537,
          0,
          0.23791893,
          3.3093495,
          4.059394,
          1
        ]
      },
      {
        "date" : 733932514.308264,
        "title" : "Untitled",
        "transform" : [
          0.9999658,
          -1.4586504e-08,
          -0.008268005,
          0,
          -0.0030309712,
          0.9303821,
          -0.366579,
          0,
          0.0076924157,
          0.3665915,
          0.93035024,
          0,
          0.1570072,
          0.40592206,
          -1.214146,
          1
        ]
      },
      {
        "date" : 733932509.449493,
        "title" : "Untitled",
        "transform" : [
          0.9999658,
          -1.4586504e-08,
          -0.008268005,
          0,
          -0.0030309712,
          0.9303821,
          -0.366579,
          0,
          0.0076924157,
          0.3665915,
          0.93035024,
          0,
          -0.16639608,
          0.168894,
          -0.55122256,
          1
        ]
      },
      {
        "date" : 733932503.279041,
        "title" : "Untitled",
        "transform" : [
          0.9999658,
          -1.4586504e-08,
          -0.008268005,
          0,
          -0.0030309712,
          0.9303821,
          -0.366579,
          0,
          0.0076924157,
          0.3665915,
          0.93035024,
          0,
          -0.27696043,
          0.10361904,
          -0.5245877,
          1
        ]
      },
      {
        "date" : 733932467.003616,
        "title" : "Untitled",
        "transform" : [
          0.9999658,
          -1.4586504e-08,
          -0.008268005,
          0,
          -0.0030309712,
          0.9303821,
          -0.366579,
          0,
          0.0076924157,
          0.3665915,
          0.93035024,
          0,
          -0.35422146,
          -0.030832022,
          -0.47097027,
          1
        ]
      },
      {
        "date" : 733932462.533411,
        "title" : "Untitled",
        "transform" : [
          0.9999658,
          -1.4586504e-08,
          -0.008268005,
          0,
          -0.0030309712,
          0.9303821,
          -0.366579,
          0,
          0.0076924157,
          0.3665915,
          0.93035024,
          0,
          0.28335673,
          0.34708288,
          -0.625154,
          1
        ]
      },
      {
        "date" : 733932455.046125,
        "title" : "Untitled",
        "transform" : [
          0.9999658,
          -1.4586504e-08,
          -0.008268005,
          0,
          -0.0030309712,
          0.9303821,
          -0.366579,
          0,
          0.0076924157,
          0.3665915,
          0.93035024,
          0,
          0.16221689,
          0.08568386,
          -0.5211519,
          1
        ]
      }
    ],
    "AF09ED6F-1707-48FD-8720-65B998362C09" : [
      {
        "date" : 733931634.602737,
        "title" : "Untitled",
        "transform" : [
          0.99988025,
          -2.1601554e-08,
          -0.015477414,
          0,
          -0.0078378385,
          0.86229444,
          -0.5063466,
          0,
          0.013346009,
          0.5064071,
          0.8621912,
          0,
          0.13660252,
          2.0264955,
          -0.13618803,
          1
        ]
      },
      {
        "date" : 733148570.447656,
        "title" : "Untitled",
        "transform" : [
          0.99988025,
          -2.1601554e-08,
          -0.015477414,
          0,
          -0.0078378385,
          0.86229444,
          -0.5063466,
          0,
          0.013346009,
          0.5064071,
          0.8621912,
          0,
          0.6700513,
          1.4583782,
          0.1892376,
          1
        ]
      },
      {
        "date" : 733148007.949409,
        "title" : "Untitled",
        "transform" : [
          0.99988025,
          -2.1601554e-08,
          -0.015477414,
          0,
          -0.0078378385,
          0.86229444,
          -0.5063466,
          0,
          0.013346009,
          0.5064071,
          0.8621912,
          0,
          -0.2869773,
          1.7737817,
          2.6127539,
          1
        ]
      },
      {
        "date" : 733146857.632088,
        "title" : "Untitled",
        "transform" : [
          0.99988025,
          -2.1601554e-08,
          -0.015477414,
          0,
          -0.0078378385,
          0.86229444,
          -0.5063466,
          0,
          0.013346009,
          0.5064071,
          0.8621912,
          0,
          0.2383615,
          1.0689996,
          -0.4158191,
          1
        ]
      },
      {
        "date" : 733146535.249953,
        "title" : "Untitled",
        "transform" : [
          0.9999739,
          -2.1601554e-08,
          0.007226964,
          0,
          0.003659821,
          0.86229444,
          -0.506394,
          0,
          -0.006231862,
          0.5064071,
          0.86227196,
          0,
          0.15618968,
          1.421676,
          0.052365273,
          1
        ]
      },
      {
        "date" : 733146453.037598,
        "title" : "Untitled",
        "transform" : [
          0.9999739,
          -2.1601554e-08,
          0.007226964,
          0,
          0.003659821,
          0.86229444,
          -0.506394,
          0,
          -0.006231862,
          0.5064071,
          0.86227196,
          0,
          0.033408273,
          1.421676,
          0.05147791,
          1
        ]
      },
      {
        "date" : 733146450.475649,
        "title" : "Untitled",
        "transform" : [
          0.98516124,
          -2.161389e-08,
          0.17163114,
          0,
          0.09007022,
          0.85123223,
          -0.51700205,
          0,
          -0.14609806,
          0.52478904,
          0.83860105,
          0,
          -0.3392021,
          1.4706981,
          -0.015996933,
          1
        ]
      },
      {
        "date" : 733146445.906185,
        "title" : "Untitled",
        "transform" : [
          0.9930087,
          -2.161389e-08,
          -0.11804097,
          0,
          -0.061946604,
          0.85123223,
          -0.5211203,
          0,
          0.1004802,
          0.52478904,
          0.84528106,
          0,
          0.124858394,
          1.0864367,
          -0.24374223,
          1
        ]
      },
      {
        "date" : 733146352.943153,
        "title" : "Untitled",
        "transform" : [
          0.98885167,
          -2.161389e-08,
          0.1489038,
          0,
          0.07814316,
          0.85123223,
          -0.5189387,
          0,
          -0.12675183,
          0.52478904,
          0.84174246,
          0,
          -0.7036728,
          0.63695264,
          -0.021828175,
          1
        ]
      },
      {
        "date" : 733145863.109408,
        "title" : "Untitled",
        "transform" : [
          0.9794718,
          -2.1613891e-08,
          0.20158142,
          0,
          0.10578779,
          0.85123223,
          -0.5140162,
          0,
          -0.17159271,
          0.5247891,
          0.833758,
          0,
          -0.56387556,
          1.643,
          0.07743609,
          1
        ]
      }
    ],
    "EC94D6C6-9572-4C15-9B9B-8E137CF6CA9F" : [
      {
        "date" : 733148100.786005,
        "title" : "Untitled",
        "transform" : [
          0.99999994,
          0,
          -0,
          0,
          -0,
          0.8660254,
          -0.49999988,
          0,
          0,
          0.49999988,
          0.8660254,
          0,
          0,
          0.20614137,
          0.35724732,
          1
        ]
      }
    ]
  },
  "selectedSceneRelativePath" : "mundoRampa.usda"
}