{
  "advancedEditorSelectedIdentifier" : "ProjectBrowser",
  "openSceneRelativePaths" : [
    "Immersive.usda"
  ],
  "recentIdentifiers" : {
    "AF09ED6F-1707-48FD-8720-65B998362C09" : [

    ]
  },
  "sceneCameraHistory" : {
    "AF09ED6F-1707-48FD-8720-65B998362C09" : [
      {
        "date" : 733146857.632088,
        "title" : "Untitled",
        "transform" : [
          0.99988025,
          -2.1601554e-08,
          -0.015477414,
          0,
          -0.0078378385,
          0.86229444,
          -0.5063466,
          0,
          0.013346009,
          0.5064071,
          0.8621912,
          0,
          0.2383615,
          1.0689996,
          -0.4158191,
          1
        ]
      },
      {
        "date" : 733146535.249953,
        "title" : "Untitled",
        "transform" : [
          0.9999739,
          -2.1601554e-08,
          0.007226964,
          0,
          0.003659821,
          0.86229444,
          -0.506394,
          0,
          -0.006231862,
          0.5064071,
          0.86227196,
          0,
          0.15618968,
          1.421676,
          0.052365273,
          1
        ]
      },
      {
        "date" : 733146453.037598,
        "title" : "Untitled",
        "transform" : [
          0.9999739,
          -2.1601554e-08,
          0.007226964,
          0,
          0.003659821,
          0.86229444,
          -0.506394,
          0,
          -0.006231862,
          0.5064071,
          0.86227196,
          0,
          0.033408273,
          1.421676,
          0.05147791,
          1
        ]
      },
      {
        "date" : 733146450.475649,
        "title" : "Untitled",
        "transform" : [
          0.98516124,
          -2.161389e-08,
          0.17163114,
          0,
          0.09007022,
          0.85123223,
          -0.51700205,
          0,
          -0.14609806,
          0.52478904,
          0.83860105,
          0,
          -0.3392021,
          1.4706981,
          -0.015996933,
          1
        ]
      },
      {
        "date" : 733146445.906185,
        "title" : "Untitled",
        "transform" : [
          0.9930087,
          -2.161389e-08,
          -0.11804097,
          0,
          -0.061946604,
          0.85123223,
          -0.5211203,
          0,
          0.1004802,
          0.52478904,
          0.84528106,
          0,
          0.124858394,
          1.0864367,
          -0.24374223,
          1
        ]
      },
      {
        "date" : 733146352.943153,
        "title" : "Untitled",
        "transform" : [
          0.98885167,
          -2.161389e-08,
          0.1489038,
          0,
          0.07814316,
          0.85123223,
          -0.5189387,
          0,
          -0.12675183,
          0.52478904,
          0.84174246,
          0,
          -0.7036728,
          0.63695264,
          -0.021828175,
          1
        ]
      },
      {
        "date" : 733145863.109408,
        "title" : "Untitled",
        "transform" : [
          0.9794718,
          -2.1613891e-08,
          0.20158142,
          0,
          0.10578779,
          0.85123223,
          -0.5140162,
          0,
          -0.17159271,
          0.5247891,
          0.833758,
          0,
          -0.56387556,
          1.643,
          0.07743609,
          1
        ]
      },
      {
        "date" : 733145762.803903,
        "title" : "Untitled",
        "transform" : [
          0.9709254,
          -2.1613891e-08,
          0.23938222,
          0,
          0.12562527,
          0.85123223,
          -0.50953114,
          0,
          -0.20377003,
          0.5247891,
          0.826483,
          0,
          -0.4607482,
          1.2340899,
          0.08233726,
          1
        ]
      },
      {
        "date" : 733145747.032459,
        "title" : "Untitled",
        "transform" : [
          0.9709254,
          -2.1613891e-08,
          0.23938222,
          0,
          0.12562527,
          0.85123223,
          -0.50953114,
          0,
          -0.20377003,
          0.5247891,
          0.826483,
          0,
          0.89709365,
          1.3247991,
          0.35951686,
          1
        ]
      },
      {
        "date" : 733144831.079032,
        "title" : "Untitled",
        "transform" : [
          0.994366,
          -2.1613891e-08,
          0.1060015,
          0,
          0.055628497,
          0.85123223,
          -0.52183247,
          0,
          -0.09023205,
          0.5247891,
          0.84643644,
          0,
          1.324402,
          0.9219575,
          -0.24270666,
          1
        ]
      }
    ]
  }
}