{
  "advancedEditorSelectedIdentifier" : "ProjectBrowser",
  "openSceneRelativePaths" : [
    "Immersive.usda"
  ],
  "recentIdentifiers" : {
    "AF09ED6F-1707-48FD-8720-65B998362C09" : [

    ]
  },
  "sceneCameraHistory" : {
    "AF09ED6F-1707-48FD-8720-65B998362C09" : [
      {
        "date" : 733070547.891117,
        "title" : "Untitled",
        "transform" : [
          0.9900793,
          -2.1613886e-08,
          0.14050946,
          0,
          0.073737845,
          0.85123223,
          -0.5195828,
          0,
          -0.119606175,
          0.52478904,
          0.84278744,
          0,
          -0.55708796,
          1.4846431,
          0.62296057,
          1
        ]
      },
      {
        "date" : 733068495.636352,
        "title" : "Untitled",
        "transform" : [
          0.9900793,
          -2.1613886e-08,
          0.14050946,
          0,
          0.073737845,
          0.85123223,
          -0.5195828,
          0,
          -0.119606175,
          0.52478904,
          0.84278744,
          0,
          -0.6990451,
          1.9346913,
          1.1662934,
          1
        ]
      },
      {
        "date" : 733068403.634725,
        "title" : "Untitled",
        "transform" : [
          0.9900793,
          -2.1613886e-08,
          0.14050946,
          0,
          0.073737845,
          0.85123223,
          -0.5195828,
          0,
          -0.119606175,
          0.52478904,
          0.84278744,
          0,
          -0.6990451,
          1.9346913,
          1.1662934,
          1
        ]
      },
      {
        "date" : 733068352.335535,
        "title" : "Untitled",
        "transform" : [
          0.99007934,
          -1.3521136e-08,
          0.14050947,
          0,
          0.07373785,
          0.85123223,
          -0.51958287,
          0,
          -0.11960618,
          0.5247891,
          0.84278744,
          0,
          -0.699045,
          1.934691,
          1.1662931,
          1
        ]
      },
      {
        "date" : 733068256.594928,
        "title" : "Untitled",
        "transform" : [
          0.9900794,
          -1.3834633e-08,
          0.14050949,
          0,
          0.073737845,
          0.85123235,
          -0.51958287,
          0,
          -0.119606204,
          0.5247891,
          0.84278756,
          0,
          -0.063465714,
          1.7858694,
          0.19364691,
          1
        ]
      },
      {
        "date" : 733068245.01564,
        "title" : "Untitled",
        "transform" : [
          0.9900794,
          -1.3834633e-08,
          0.14050949,
          0,
          0.073737845,
          0.85123235,
          -0.51958287,
          0,
          -0.119606204,
          0.5247891,
          0.84278756,
          0,
          -0.7008307,
          0.7405765,
          0.7540791,
          1
        ]
      },
      {
        "date" : 733068237.264458,
        "title" : "Untitled",
        "transform" : [
          0.9900794,
          -1.3834633e-08,
          0.14050949,
          0,
          0.073737845,
          0.85123235,
          -0.51958287,
          0,
          -0.119606204,
          0.5247891,
          0.84278756,
          0,
          -0.45587984,
          1.6208241,
          0.24072737,
          1
        ]
      },
      {
        "date" : 733068234.31321,
        "title" : "Untitled",
        "transform" : [
          0.9900794,
          -9.870973e-09,
          0.14050949,
          0,
          0.0716659,
          0.8601489,
          -0.5049831,
          0,
          -0.120859064,
          0.5100431,
          0.85161567,
          0,
          -0.42449975,
          1.4296124,
          -0.18907547,
          1
        ]
      },
      {
        "date" : 733068208.92687,
        "title" : "Untitled",
        "transform" : [
          0.9900794,
          -9.870973e-09,
          0.14050949,
          0,
          0.0716659,
          0.8601489,
          -0.5049831,
          0,
          -0.120859064,
          0.5100431,
          0.85161567,
          0,
          -0.34681094,
          1.5272303,
          -0.23651385,
          1
        ]
      },
      {
        "date" : 733068206.883643,
        "title" : "Untitled",
        "transform" : [
          0.9900794,
          -9.870973e-09,
          0.14050949,
          0,
          0.0716659,
          0.8601489,
          -0.5049831,
          0,
          -0.120859064,
          0.5100431,
          0.85161567,
          0,
          0.14652705,
          1.6061673,
          -0.21377754,
          1
        ]
      }
    ]
  }
}