{
  "advancedEditorSelectedIdentifier" : "ProjectBrowser",
  "openSceneRelativePaths" : [
    "Immersive.usda",
    "mundoRampa.usda",
    "EditRobot.usda"
  ],
  "recentIdentifiers" : {
    "AF09ED6F-1707-48FD-8720-65B998362C09" : [

    ]
  },
  "sceneCameraHistory" : {
    "96C87571-9E08-42C1-97D6-F0635531F425" : [
      {
        "date" : 733330256.669464,
        "title" : "Untitled",
        "transform" : [
          1,
          0,
          0,
          0,
          0,
          0.8660254,
          -0.5,
          0,
          0,
          0.5,
          0.8660254,
          0,
          0.6915052,
          2.5403945,
          2.5967307,
          1
        ]
      },
      {
        "date" : 733330215.685684,
        "title" : "Untitled",
        "transform" : [
          1,
          0,
          0,
          0,
          0,
          0.8660254,
          -0.5,
          0,
          0,
          0.5,
          0.8660254,
          0,
          0.68563986,
          2.692919,
          2.5086708,
          1
        ]
      },
      {
        "date" : 733330213.931907,
        "title" : "Untitled",
        "transform" : [
          1,
          0,
          0,
          0,
          0,
          0.8660254,
          -0.5,
          0,
          0,
          0.5,
          0.8660254,
          0,
          0.9909203,
          1.5323714,
          1.4561055,
          1
        ]
      },
      {
        "date" : 733330210.450812,
        "title" : "Untitled",
        "transform" : [
          1,
          0,
          0,
          0,
          0,
          0.8660254,
          -0.5,
          0,
          0,
          0.5,
          0.8660254,
          0,
          0,
          0.28595075,
          0.49528125,
          1
        ]
      },
      {
        "date" : 733330208.674828,
        "title" : "Untitled",
        "transform" : [
          1,
          0,
          -0,
          0,
          -0,
          0.8660254,
          -0.5,
          0,
          0,
          0.5,
          0.8660254,
          0,
          0,
          0.21569468,
          0.37359416,
          1
        ]
      }
    ],
    "397D1B20-8233-40CA-837A-897FFA3E985C" : [
      {
        "date" : 733329829.196667,
        "title" : "Untitled",
        "transform" : [
          0.99999994,
          0,
          -0,
          0,
          -0,
          0.87067634,
          -0.49185634,
          0,
          0,
          0.49185634,
          0.87067634,
          0,
          -0.056196924,
          3.0647647,
          3.832648,
          1
        ]
      }
    ],
    "AF09ED6F-1707-48FD-8720-65B998362C09" : [
      {
        "date" : 733330149.693051,
        "title" : "Untitled",
        "transform" : [
          0.9861391,
          3.6207617e-10,
          0.16591999,
          0,
          0.14687672,
          0.46516064,
          -0.87295634,
          0,
          -0.07717948,
          0.8852263,
          0.45871326,
          0,
          1.9816842,
          4.423951,
          2.9192924,
          1
        ]
      },
      {
        "date" : 733330130.176777,
        "title" : "Untitled",
        "transform" : [
          1,
          0,
          0,
          0,
          0,
          0.7071069,
          -0.70710677,
          0,
          0,
          0.70710677,
          0.7071069,
          0,
          2.1902957,
          3.9200482,
          3.7384787,
          1
        ]
      },
      {
        "date" : 733330127.09535,
        "title" : "Untitled",
        "transform" : [
          1,
          0,
          0,
          0,
          0,
          0.7071069,
          -0.70710677,
          0,
          0,
          0.70710677,
          0.7071069,
          0,
          0.100263506,
          0.99638003,
          -0.5999089,
          1
        ]
      },
      {
        "date" : 733330099.083924,
        "title" : "Untitled",
        "transform" : [
          1,
          0,
          0,
          0,
          0,
          0.7071069,
          -0.70710677,
          0,
          0,
          0.70710677,
          0.7071069,
          0,
          1.7792273,
          3.3880353,
          2.885209,
          1
        ]
      },
      {
        "date" : 733330072.660793,
        "title" : "Untitled",
        "transform" : [
          1,
          0,
          0,
          0,
          0,
          0.7071069,
          -0.70710677,
          0,
          0,
          0.70710677,
          0.7071069,
          0,
          1.7224267,
          3.6915097,
          2.581735,
          1
        ]
      },
      {
        "date" : 733330054.621804,
        "title" : "Untitled",
        "transform" : [
          1,
          0,
          0,
          0,
          0,
          0.7071069,
          -0.70710677,
          0,
          0,
          0.70710677,
          0.7071069,
          0,
          -0.002819091,
          1.8467302,
          1.8108499,
          1
        ]
      },
      {
        "date" : 733329981.318767,
        "title" : "Untitled",
        "transform" : [
          0.9924131,
          0,
          0.122948624,
          0,
          0.06599197,
          0.84374505,
          -0.532672,
          0,
          -0.10373728,
          0.53674424,
          0.8373436,
          0,
          -5.8720956,
          31.632149,
          37.50153,
          1
        ]
      },
      {
        "date" : 733329936.239849,
        "title" : "Untitled",
        "transform" : [
          0.9924131,
          0,
          0.122948624,
          0,
          0.06599197,
          0.84374505,
          -0.532672,
          0,
          -0.10373728,
          0.53674424,
          0.8373436,
          0,
          -0.30388236,
          1.6369712,
          1.9407135,
          1
        ]
      },
      {
        "date" : 733329690.764664,
        "title" : "Untitled",
        "transform" : [
          0.9924131,
          0,
          0.122948624,
          0,
          0.06599197,
          0.84374505,
          -0.532672,
          0,
          -0.10373728,
          0.53674424,
          0.8373436,
          0,
          -0.1531004,
          0.85681474,
          0.7236366,
          1
        ]
      },
      {
        "date" : 733329684.093201,
        "title" : "Untitled",
        "transform" : [
          0.99481446,
          0,
          0.10170677,
          0,
          0.054590523,
          0.84374505,
          -0.5339609,
          0,
          -0.08581457,
          0.53674424,
          0.8393697,
          0,
          -0.11254643,
          0.700131,
          0.4817192,
          1
        ]
      }
    ]
  },
  "selectedSceneRelativePath" : "EditRobot.usda"
}