{
  "advancedEditorSelectedIdentifier" : "ProjectBrowser",
  "openSceneRelativePaths" : [
    "Immersive.usda",
    "Robot.usda"
  ],
  "recentIdentifiers" : {
    "64FEA13F-7E8B-4106-A4CD-930464E57FEA" : [

    ],
    "AF09ED6F-1707-48FD-8720-65B998362C09" : [

    ]
  },
  "sceneCameraHistory" : {
    "64FEA13F-7E8B-4106-A4CD-930464E57FEA" : [
      {
        "date" : 733155767.963674,
        "title" : "Untitled",
        "transform" : [
          -0.08358525,
          2.459028e-08,
          0.9965006,
          0,
          0.1619563,
          0.9867045,
          0.013584703,
          0,
          -0.9832516,
          0.16252504,
          -0.08247379,
          0,
          -1.2528934,
          0.24956381,
          -1.4119844,
          1
        ]
      },
      {
        "date" : 733155734.991398,
        "title" : "Untitled",
        "transform" : [
          -0.25056276,
          1.8299202e-08,
          0.9681004,
          0,
          0.43041298,
          0.8957315,
          0.111399055,
          0,
          -0.86715806,
          0.44459546,
          -0.2244368,
          0,
          -1.1187818,
          0.5444172,
          -1.5403836,
          1
        ]
      },
      {
        "date" : 733155722.463982,
        "title" : "Untitled",
        "transform" : [
          -0.62247473,
          1.0217156e-09,
          0.78263986,
          0,
          -0.04339002,
          0.998462,
          -0.034510385,
          0,
          -0.7814361,
          -0.055440634,
          -0.6215175,
          0,
          -1.4645276,
          0.6000871,
          -1.8652496,
          1
        ]
      },
      {
        "date" : 733154580.937621,
        "title" : "Untitled",
        "transform" : [
          -0.62247473,
          1.0217156e-09,
          0.78263986,
          0,
          -0.04339002,
          0.998462,
          -0.034510385,
          0,
          -0.7814361,
          -0.055440634,
          -0.6215175,
          0,
          -1.5901126,
          0.5911772,
          -1.965134,
          1
        ]
      },
      {
        "date" : 733154579.638119,
        "title" : "Untitled",
        "transform" : [
          -0.6224748,
          -5.7801763e-10,
          0.78263986,
          0,
          -0.08788129,
          0.9936757,
          -0.06989664,
          0,
          -0.7776901,
          -0.112288326,
          -0.6185381,
          0,
          -1.6133542,
          0.44949123,
          -1.9836193,
          1
        ]
      },
      {
        "date" : 733154576.305022,
        "title" : "Untitled",
        "transform" : [
          -0.5656893,
          2.576833e-09,
          0.82461846,
          0,
          0.21318193,
          0.9660054,
          0.14624308,
          0,
          -0.79658586,
          0.25852188,
          -0.546459,
          0,
          -1.4715245,
          1.330872,
          -1.6742445,
          1
        ]
      },
      {
        "date" : 733154237.151728,
        "title" : "Untitled",
        "transform" : [
          -0.97472423,
          1.4635229e-09,
          0.22341153,
          0,
          -0.023995543,
          0.99421537,
          -0.104690365,
          0,
          -0.22211906,
          -0.107405126,
          -0.9690858,
          0,
          0.29871625,
          0.2353566,
          -2.978982,
          1
        ]
      },
      {
        "date" : 733154233.918145,
        "title" : "Untitled",
        "transform" : [
          -0.97472423,
          1.4635229e-09,
          0.22341153,
          0,
          -0.023995543,
          0.99421537,
          -0.104690365,
          0,
          -0.22211906,
          -0.107405126,
          -0.9690858,
          0,
          0.9726574,
          0.20585564,
          -3.1301832,
          1
        ]
      },
      {
        "date" : 733154230.11552,
        "title" : "Untitled",
        "transform" : [
          -0.6157342,
          1.2895134e-09,
          -0.787954,
          0,
          0.058544066,
          0.9972361,
          -0.04574834,
          0,
          0.78577614,
          -0.07429886,
          -0.61403227,
          0,
          1.8176205,
          0.34128243,
          -1.891534,
          1
        ]
      },
      {
        "date" : 733154225.260816,
        "title" : "Untitled",
        "transform" : [
          -0.7314961,
          1.2895135e-09,
          -0.6818458,
          0,
          0.050660346,
          0.9972361,
          -0.05434931,
          0,
          0.67996126,
          -0.074298866,
          -0.7294742,
          0,
          2.3889222,
          0.4970849,
          -2.3948755,
          1
        ]
      }
    ],
    "AF09ED6F-1707-48FD-8720-65B998362C09" : [
      {
        "date" : 733157524.71898,
        "title" : "Untitled",
        "transform" : [
          0.9499516,
          -3.4746765e-09,
          -0.31239727,
          0,
          -0.056610566,
          0.98344386,
          -0.17214388,
          0,
          0.3072252,
          0.1812133,
          0.934224,
          0,
          -0.96829545,
          0.97348046,
          -0.42117795,
          1
        ]
      },
      {
        "date" : 733157152.335794,
        "title" : "Untitled",
        "transform" : [
          0.9499516,
          -3.4746765e-09,
          -0.31239727,
          0,
          -0.056610566,
          0.98344386,
          -0.17214388,
          0,
          0.3072252,
          0.1812133,
          0.934224,
          0,
          -0.9691722,
          0.98870915,
          -0.42384362,
          1
        ]
      },
      {
        "date" : 733157149.591671,
        "title" : "Untitled",
        "transform" : [
          0.9995464,
          0,
          0.030116295,
          0,
          0.021295436,
          0.7071069,
          -0.70678604,
          0,
          -0.02129544,
          0.70710677,
          0.70678616,
          0,
          -1.2843943,
          1.5283495,
          -0.9691826,
          1
        ]
      },
      {
        "date" : 733155971.958915,
        "title" : "Untitled",
        "transform" : [
          0.9995464,
          0,
          0.030116295,
          0,
          0.021295436,
          0.7071069,
          -0.70678604,
          0,
          -0.02129544,
          0.70710677,
          0.70678616,
          0,
          -1.2160625,
          1.4603044,
          -0.8990474,
          1
        ]
      },
      {
        "date" : 733155949.32555,
        "title" : "Untitled",
        "transform" : [
          0.9995464,
          0,
          0.030116295,
          0,
          0.021295436,
          0.7071069,
          -0.70678604,
          0,
          -0.02129544,
          0.70710677,
          0.70678616,
          0,
          -0.94911206,
          1.314974,
          -0.74560785,
          1
        ]
      },
      {
        "date" : 733155717.562212,
        "title" : "Untitled",
        "transform" : [
          0.9995464,
          0,
          0.030116295,
          0,
          0.021295436,
          0.7071069,
          -0.70678604,
          0,
          -0.02129544,
          0.70710677,
          0.70678616,
          0,
          -0.53905624,
          1.3993767,
          -0.42249143,
          1
        ]
      },
      {
        "date" : 733155711.944939,
        "title" : "Untitled",
        "transform" : [
          0.96461195,
          -1.134324e-08,
          -0.26367366,
          0,
          -0.18382366,
          0.71691215,
          -0.6724922,
          0,
          0.18903087,
          0.6971635,
          0.691542,
          0,
          -0.77724934,
          2.2930338,
          -0.6161368,
          1
        ]
      },
      {
        "date" : 733155507.575295,
        "title" : "Untitled",
        "transform" : [
          0.96461195,
          -1.134324e-08,
          -0.26367366,
          0,
          -0.18382366,
          0.71691215,
          -0.6724922,
          0,
          0.18903087,
          0.6971635,
          0.691542,
          0,
          -1.0712006,
          1.2089138,
          -1.6915166,
          1
        ]
      },
      {
        "date" : 733154391.726645,
        "title" : "Untitled",
        "transform" : [
          0.96461195,
          2.7961877e-10,
          -0.26367366,
          0,
          -0.18382366,
          0.7169121,
          -0.67249227,
          0,
          0.18903087,
          0.69716346,
          0.69154197,
          0,
          0.058363438,
          1.3628066,
          -0.3914883,
          1
        ]
      },
      {
        "date" : 733154386.932901,
        "title" : "Untitled",
        "transform" : [
          0.99999046,
          2.43226e-10,
          -0.0043695727,
          0,
          -0.003000897,
          0.7268736,
          -0.68676466,
          0,
          0.0031761262,
          0.68677115,
          0.7268668,
          0,
          -0.5177582,
          1.3289961,
          -0.06738144,
          1
        ]
      }
    ]
  },
  "selectedSceneRelativePath" : "Immersive.usda"
}