{
  "advancedEditorSelectedIdentifier" : "ProjectBrowser",
  "openSceneRelativePaths" : [
    "Immersive.usda",
    "mundoRampa.usda",
    "EditRobot.usda"
  ],
  "recentIdentifiers" : {
    "397D1B20-8233-40CA-837A-897FFA3E985C" : [

    ],
    "AF09ED6F-1707-48FD-8720-65B998362C09" : [

    ]
  },
  "sceneCameraHistory" : {
    "96C87571-9E08-42C1-97D6-F0635531F425" : [
      {
        "date" : 733330256.669464,
        "title" : "Untitled",
        "transform" : [
          1,
          0,
          0,
          0,
          0,
          0.8660254,
          -0.5,
          0,
          0,
          0.5,
          0.8660254,
          0,
          0.6915052,
          2.5403945,
          2.5967307,
          1
        ]
      },
      {
        "date" : 733330215.685684,
        "title" : "Untitled",
        "transform" : [
          1,
          0,
          0,
          0,
          0,
          0.8660254,
          -0.5,
          0,
          0,
          0.5,
          0.8660254,
          0,
          0.68563986,
          2.692919,
          2.5086708,
          1
        ]
      },
      {
        "date" : 733330213.931907,
        "title" : "Untitled",
        "transform" : [
          1,
          0,
          0,
          0,
          0,
          0.8660254,
          -0.5,
          0,
          0,
          0.5,
          0.8660254,
          0,
          0.9909203,
          1.5323714,
          1.4561055,
          1
        ]
      },
      {
        "date" : 733330210.450812,
        "title" : "Untitled",
        "transform" : [
          1,
          0,
          0,
          0,
          0,
          0.8660254,
          -0.5,
          0,
          0,
          0.5,
          0.8660254,
          0,
          0,
          0.28595075,
          0.49528125,
          1
        ]
      },
      {
        "date" : 733330208.674828,
        "title" : "Untitled",
        "transform" : [
          1,
          0,
          -0,
          0,
          -0,
          0.8660254,
          -0.5,
          0,
          0,
          0.5,
          0.8660254,
          0,
          0,
          0.21569468,
          0.37359416,
          1
        ]
      }
    ],
    "397D1B20-8233-40CA-837A-897FFA3E985C" : [
      {
        "date" : 733666779.036759,
        "title" : "Untitled",
        "transform" : [
          0.99692297,
          -5.2634497e-10,
          -0.078387775,
          0,
          -0.035530664,
          0.89137435,
          -0.45187333,
          0,
          0.069872804,
          0.45326817,
          0.88863146,
          0,
          0.09748584,
          0.41712853,
          0.33797392,
          1
        ]
      },
      {
        "date" : 733666770.599719,
        "title" : "Untitled",
        "transform" : [
          0.99692297,
          -5.2634497e-10,
          -0.078387775,
          0,
          -0.035530664,
          0.89137435,
          -0.45187333,
          0,
          0.069872804,
          0.45326817,
          0.88863146,
          0,
          -0.661867,
          0.50357115,
          1.1135466,
          1
        ]
      },
      {
        "date" : 733666766.426374,
        "title" : "Untitled",
        "transform" : [
          0.99692297,
          -5.2634497e-10,
          -0.078387775,
          0,
          -0.035530664,
          0.89137435,
          -0.45187333,
          0,
          0.069872804,
          0.45326817,
          0.88863146,
          0,
          0.94255567,
          0.3900129,
          -0.8582169,
          1
        ]
      },
      {
        "date" : 733666760.51571,
        "title" : "Untitled",
        "transform" : [
          0.98511016,
          -5.2634497e-10,
          -0.17192443,
          0,
          -0.077927835,
          0.89137435,
          -0.44651896,
          0,
          0.15324897,
          0.45326817,
          0.8781018,
          0,
          1.6266909,
          0.3473642,
          -0.95115495,
          1
        ]
      },
      {
        "date" : 733666744.337216,
        "title" : "Untitled",
        "transform" : [
          0.98511016,
          -5.2634497e-10,
          -0.17192443,
          0,
          -0.077927835,
          0.89137435,
          -0.44651896,
          0,
          0.15324897,
          0.45326817,
          0.8781018,
          0,
          1.2007302,
          0.43506324,
          -0.92208445,
          1
        ]
      },
      {
        "date" : 733666715.857564,
        "title" : "Untitled",
        "transform" : [
          0.98511016,
          -5.2634497e-10,
          -0.17192443,
          0,
          -0.077927835,
          0.89137435,
          -0.44651896,
          0,
          0.15324897,
          0.45326817,
          0.8781018,
          0,
          0.6566704,
          0.28981417,
          -1.7718068,
          1
        ]
      },
      {
        "date" : 733666691.670677,
        "title" : "Untitled",
        "transform" : [
          0.98511016,
          -5.2634497e-10,
          -0.17192443,
          0,
          -0.077927835,
          0.89137435,
          -0.44651896,
          0,
          0.15324897,
          0.45326817,
          0.8781018,
          0,
          0.6275986,
          0.28983402,
          -1.7667435,
          1
        ]
      },
      {
        "date" : 733666680.942345,
        "title" : "Untitled",
        "transform" : [
          0.98511016,
          -5.2634497e-10,
          -0.17192443,
          0,
          -0.077927835,
          0.89137435,
          -0.44651896,
          0,
          0.15324897,
          0.45326817,
          0.8781018,
          0,
          0.84198385,
          0.41528708,
          -1.4261241,
          1
        ]
      },
      {
        "date" : 733666675.244502,
        "title" : "Untitled",
        "transform" : [
          0.98511016,
          -5.2634497e-10,
          -0.17192443,
          0,
          -0.077927835,
          0.89137435,
          -0.44651896,
          0,
          0.15324895,
          0.4532681,
          0.8781017,
          0,
          0.6182223,
          0.30988258,
          -1.3326637,
          1
        ]
      },
      {
        "date" : 733666641.536677,
        "title" : "Untitled",
        "transform" : [
          0.9829787,
          -2.336413e-10,
          -0.18371974,
          0,
          -0.090754226,
          0.8694722,
          -0.48557374,
          0,
          0.15973917,
          0.49398202,
          0.8546725,
          0,
          0.6300001,
          0.35649082,
          -1.3354232,
          1
        ]
      }
    ],
    "AF09ED6F-1707-48FD-8720-65B998362C09" : [
      {
        "date" : 733754511.521962,
        "title" : "Untitled",
        "transform" : [
          0.9956935,
          -6.23529e-09,
          0.09270565,
          0,
          0.042888813,
          0.88654906,
          -0.4606423,
          0,
          -0.082188115,
          0.4626345,
          0.88273126,
          0,
          0.7289722,
          2.5128076,
          2.2162633,
          1
        ]
      },
      {
        "date" : 733754456.044112,
        "title" : "Untitled",
        "transform" : [
          0.9956935,
          -6.23529e-09,
          0.09270565,
          0,
          0.042888813,
          0.88654906,
          -0.4606423,
          0,
          -0.082188115,
          0.4626345,
          0.88273126,
          0,
          1.1566039,
          3.05723,
          4.28562,
          1
        ]
      },
      {
        "date" : 733754451.3062,
        "title" : "Untitled",
        "transform" : [
          0.9956935,
          -6.23529e-09,
          0.09270565,
          0,
          0.042888813,
          0.88654906,
          -0.4606423,
          0,
          -0.082188115,
          0.4626345,
          0.88273126,
          0,
          1.0424933,
          2.996729,
          4.306704,
          1
        ]
      },
      {
        "date" : 733754363.833773,
        "title" : "Untitled",
        "transform" : [
          0.9956935,
          -6.23529e-09,
          0.09270565,
          0,
          0.042888813,
          0.88654906,
          -0.4606423,
          0,
          -0.082188115,
          0.4626345,
          0.88273126,
          0,
          0.90921503,
          2.760046,
          4.4183397,
          1
        ]
      },
      {
        "date" : 733754360.665295,
        "title" : "Untitled",
        "transform" : [
          0.99192846,
          -5.9765206e-09,
          0.12679833,
          0,
          0.0254425,
          0.9796623,
          -0.19903395,
          0,
          -0.124219544,
          0.2006534,
          0.971755,
          0,
          0.68194234,
          1.4652812,
          5.035291,
          1
        ]
      },
      {
        "date" : 733330149.693051,
        "title" : "Untitled",
        "transform" : [
          0.9861391,
          3.6207617e-10,
          0.16591999,
          0,
          0.14687672,
          0.46516064,
          -0.87295634,
          0,
          -0.07717948,
          0.8852263,
          0.45871326,
          0,
          1.9816842,
          4.423951,
          2.9192924,
          1
        ]
      },
      {
        "date" : 733330130.176777,
        "title" : "Untitled",
        "transform" : [
          1,
          0,
          0,
          0,
          0,
          0.7071069,
          -0.70710677,
          0,
          0,
          0.70710677,
          0.7071069,
          0,
          2.1902957,
          3.9200482,
          3.7384787,
          1
        ]
      },
      {
        "date" : 733330127.09535,
        "title" : "Untitled",
        "transform" : [
          1,
          0,
          0,
          0,
          0,
          0.7071069,
          -0.70710677,
          0,
          0,
          0.70710677,
          0.7071069,
          0,
          0.100263506,
          0.99638003,
          -0.5999089,
          1
        ]
      },
      {
        "date" : 733330099.083924,
        "title" : "Untitled",
        "transform" : [
          1,
          0,
          0,
          0,
          0,
          0.7071069,
          -0.70710677,
          0,
          0,
          0.70710677,
          0.7071069,
          0,
          1.7792273,
          3.3880353,
          2.885209,
          1
        ]
      },
      {
        "date" : 733330072.660793,
        "title" : "Untitled",
        "transform" : [
          1,
          0,
          0,
          0,
          0,
          0.7071069,
          -0.70710677,
          0,
          0,
          0.70710677,
          0.7071069,
          0,
          1.7224267,
          3.6915097,
          2.581735,
          1
        ]
      }
    ]
  },
  "selectedSceneRelativePath" : "Immersive.usda"
}