{
  "advancedEditorSelectedIdentifier" : "ProjectBrowser",
  "openSceneRelativePaths" : [
    "Immersive.usda",
    "EditRobot.usda"
  ],
  "recentIdentifiers" : {
    "64FEA13F-7E8B-4106-A4CD-930464E57FEA" : [

    ],
    "5263660D-6361-41CF-8264-DFD271DCCB42" : [

    ],
    "AF09ED6F-1707-48FD-8720-65B998362C09" : [

    ]
  },
  "sceneCameraHistory" : {
    "64FEA13F-7E8B-4106-A4CD-930464E57FEA" : [
      {
        "date" : 733155767.963674,
        "title" : "Untitled",
        "transform" : [
          -0.08358525,
          2.459028e-08,
          0.9965006,
          0,
          0.1619563,
          0.9867045,
          0.013584703,
          0,
          -0.9832516,
          0.16252504,
          -0.08247379,
          0,
          -1.2528934,
          0.24956381,
          -1.4119844,
          1
        ]
      },
      {
        "date" : 733155734.991398,
        "title" : "Untitled",
        "transform" : [
          -0.25056276,
          1.8299202e-08,
          0.9681004,
          0,
          0.43041298,
          0.8957315,
          0.111399055,
          0,
          -0.86715806,
          0.44459546,
          -0.2244368,
          0,
          -1.1187818,
          0.5444172,
          -1.5403836,
          1
        ]
      },
      {
        "date" : 733155722.463982,
        "title" : "Untitled",
        "transform" : [
          -0.62247473,
          1.0217156e-09,
          0.78263986,
          0,
          -0.04339002,
          0.998462,
          -0.034510385,
          0,
          -0.7814361,
          -0.055440634,
          -0.6215175,
          0,
          -1.4645276,
          0.6000871,
          -1.8652496,
          1
        ]
      },
      {
        "date" : 733154580.937621,
        "title" : "Untitled",
        "transform" : [
          -0.62247473,
          1.0217156e-09,
          0.78263986,
          0,
          -0.04339002,
          0.998462,
          -0.034510385,
          0,
          -0.7814361,
          -0.055440634,
          -0.6215175,
          0,
          -1.5901126,
          0.5911772,
          -1.965134,
          1
        ]
      },
      {
        "date" : 733154579.638119,
        "title" : "Untitled",
        "transform" : [
          -0.6224748,
          -5.7801763e-10,
          0.78263986,
          0,
          -0.08788129,
          0.9936757,
          -0.06989664,
          0,
          -0.7776901,
          -0.112288326,
          -0.6185381,
          0,
          -1.6133542,
          0.44949123,
          -1.9836193,
          1
        ]
      },
      {
        "date" : 733154576.305022,
        "title" : "Untitled",
        "transform" : [
          -0.5656893,
          2.576833e-09,
          0.82461846,
          0,
          0.21318193,
          0.9660054,
          0.14624308,
          0,
          -0.79658586,
          0.25852188,
          -0.546459,
          0,
          -1.4715245,
          1.330872,
          -1.6742445,
          1
        ]
      },
      {
        "date" : 733154237.151728,
        "title" : "Untitled",
        "transform" : [
          -0.97472423,
          1.4635229e-09,
          0.22341153,
          0,
          -0.023995543,
          0.99421537,
          -0.104690365,
          0,
          -0.22211906,
          -0.107405126,
          -0.9690858,
          0,
          0.29871625,
          0.2353566,
          -2.978982,
          1
        ]
      },
      {
        "date" : 733154233.918145,
        "title" : "Untitled",
        "transform" : [
          -0.97472423,
          1.4635229e-09,
          0.22341153,
          0,
          -0.023995543,
          0.99421537,
          -0.104690365,
          0,
          -0.22211906,
          -0.107405126,
          -0.9690858,
          0,
          0.9726574,
          0.20585564,
          -3.1301832,
          1
        ]
      },
      {
        "date" : 733154230.11552,
        "title" : "Untitled",
        "transform" : [
          -0.6157342,
          1.2895134e-09,
          -0.787954,
          0,
          0.058544066,
          0.9972361,
          -0.04574834,
          0,
          0.78577614,
          -0.07429886,
          -0.61403227,
          0,
          1.8176205,
          0.34128243,
          -1.891534,
          1
        ]
      },
      {
        "date" : 733154225.260816,
        "title" : "Untitled",
        "transform" : [
          -0.7314961,
          1.2895135e-09,
          -0.6818458,
          0,
          0.050660346,
          0.9972361,
          -0.05434931,
          0,
          0.67996126,
          -0.074298866,
          -0.7294742,
          0,
          2.3889222,
          0.4970849,
          -2.3948755,
          1
        ]
      }
    ],
    "5263660D-6361-41CF-8264-DFD271DCCB42" : [
      {
        "date" : 733264688.615177,
        "title" : "Untitled",
        "transform" : [
          0.37068897,
          -8.490173e-10,
          -0.928757,
          0,
          -0.7794976,
          0.54368216,
          -0.31111595,
          0,
          0.5049487,
          0.83929116,
          0.20153692,
          0,
          1.0503278,
          0.3531392,
          -1.9116555,
          1
        ]
      },
      {
        "date" : 733263351.198074,
        "title" : "Untitled",
        "transform" : [
          0.37068897,
          -8.490173e-10,
          -0.928757,
          0,
          -0.7794976,
          0.54368216,
          -0.31111595,
          0,
          0.5049487,
          0.83929116,
          0.20153692,
          0,
          1.3703521,
          0.8850609,
          -1.7839265,
          1
        ]
      },
      {
        "date" : 733261650.544831,
        "title" : "Untitled",
        "transform" : [
          0.9999989,
          2.2252412e-11,
          -0.0014770326,
          0,
          -0.0007507802,
          0.86117834,
          -0.5083024,
          0,
          0.0012719879,
          0.508303,
          0.8611775,
          0,
          0.0031739995,
          1.2683718,
          2.1489017,
          1
        ]
      },
      {
        "date" : 733261646.204167,
        "title" : "Untitled",
        "transform" : [
          0.21713144,
          1.642248e-09,
          -0.9761424,
          0,
          -0.90438,
          0.376335,
          -0.20116875,
          0,
          0.36735645,
          0.92648363,
          0.08171409,
          0,
          3.2226937,
          9.076161,
          0.7602214,
          1
        ]
      },
      {
        "date" : 733243512.249285,
        "title" : "Untitled",
        "transform" : [
          0.2525038,
          1.642248e-09,
          -0.96759593,
          0,
          -0.8964618,
          0.37633494,
          -0.23394065,
          0,
          0.36414012,
          0.92648363,
          0.09502596,
          0,
          1.6441262,
          4.6736054,
          0.45158148,
          1
        ]
      },
      {
        "date" : 733241813.322724,
        "title" : "Untitled",
        "transform" : [
          0.2525038,
          1.642248e-09,
          -0.96759593,
          0,
          -0.8964618,
          0.37633494,
          -0.23394065,
          0,
          0.36414012,
          0.92648363,
          0.09502596,
          0,
          1.2866248,
          3.7640152,
          0.3582882,
          1
        ]
      },
      {
        "date" : 733241804.518706,
        "title" : "Untitled",
        "transform" : [
          -0.078395344,
          9.547357e-10,
          -0.9969223,
          0,
          -0.36686304,
          0.9298275,
          0.028849147,
          0,
          0.9269659,
          0.3679956,
          -0.072894156,
          0,
          2.368805,
          1.2378262,
          -0.103065535,
          1
        ]
      },
      {
        "date" : 733185787.388357,
        "title" : "Untitled",
        "transform" : [
          -0.078395344,
          9.547357e-10,
          -0.9969223,
          0,
          -0.36686304,
          0.9298275,
          0.028849147,
          0,
          0.9269659,
          0.3679956,
          -0.072894156,
          0,
          1.7690792,
          0.89803225,
          -0.07250297,
          1
        ]
      },
      {
        "date" : 733185785.673475,
        "title" : "Untitled",
        "transform" : [
          -0.078395344,
          9.547357e-10,
          -0.9969223,
          0,
          -0.36686304,
          0.9298275,
          0.028849147,
          0,
          0.9269659,
          0.3679956,
          -0.072894156,
          0,
          1.8063545,
          0.8765257,
          0.2929388,
          1
        ]
      },
      {
        "date" : 733185778.805505,
        "title" : "Untitled",
        "transform" : [
          0.99999994,
          0,
          0,
          0,
          0,
          0.8660254,
          -0.49999994,
          0,
          0,
          0.49999994,
          0.8660254,
          0,
          -0.15277457,
          1.1011736,
          1.5380456,
          1
        ]
      }
    ],
    "AF09ED6F-1707-48FD-8720-65B998362C09" : [
      {
        "date" : 733264682.292305,
        "title" : "Untitled",
        "transform" : [
          0.36353493,
          -1.0825119e-11,
          -0.93158054,
          0,
          -0.64987177,
          0.71648633,
          -0.2536024,
          0,
          0.66746473,
          0.69760126,
          0.2604678,
          0,
          0.067522645,
          1.1691984,
          -1.7561882,
          1
        ]
      },
      {
        "date" : 733264553.276737,
        "title" : "Untitled",
        "transform" : [
          1,
          0,
          0,
          0,
          0,
          0.7071069,
          -0.70710677,
          0,
          0,
          0.70710677,
          0.7071069,
          0,
          -0.6543373,
          1.184228,
          -0.5618808,
          1
        ]
      },
      {
        "date" : 733264519.551657,
        "title" : "Untitled",
        "transform" : [
          1,
          0,
          0,
          0,
          0,
          0.7071069,
          -0.70710677,
          0,
          0,
          0.70710677,
          0.7071069,
          0,
          -0.67613375,
          1.162757,
          -0.64151615,
          1
        ]
      },
      {
        "date" : 733264515.545311,
        "title" : "Untitled",
        "transform" : [
          0.22222847,
          1.7655493e-08,
          -0.9749946,
          0,
          -0.45048225,
          0.88686144,
          -0.10267745,
          0,
          0.8646851,
          0.46203563,
          0.19708589,
          0,
          2.5503604,
          0.3261384,
          -2.0230765,
          1
        ]
      },
      {
        "date" : 733264232.53818,
        "title" : "Untitled",
        "transform" : [
          0.22222847,
          1.7655493e-08,
          -0.9749946,
          0,
          -0.45048225,
          0.88686144,
          -0.10267745,
          0,
          0.8646851,
          0.46203563,
          0.19708589,
          0,
          0.06449413,
          0.21843666,
          -2.3761697,
          1
        ]
      },
      {
        "date" : 733263763.406796,
        "title" : "Untitled",
        "transform" : [
          0.22222842,
          1.6566639e-09,
          -0.97499466,
          0,
          -0.45048225,
          0.8868614,
          -0.10267746,
          0,
          0.86468506,
          0.46203563,
          0.19708581,
          0,
          2.1944394,
          0.5353369,
          -2.5797696,
          1
        ]
      },
      {
        "date" : 733263755.586,
        "title" : "Untitled",
        "transform" : [
          -0.8061685,
          -1.5486844e-08,
          -0.59168607,
          0,
          -0.30449465,
          0.8574172,
          0.41487205,
          0,
          0.50732183,
          0.5146219,
          -0.6912227,
          0,
          1.880402,
          2.2216299,
          -2.7651694,
          1
        ]
      },
      {
        "date" : 733263701.78317,
        "title" : "Untitled",
        "transform" : [
          -0.9854491,
          5.761087e-09,
          -0.1699711,
          0,
          0.0062840665,
          0.99931633,
          -0.036433406,
          0,
          0.1698549,
          -0.036971405,
          -0.98477525,
          0,
          -0.5562215,
          0.87708664,
          -4.6711,
          1
        ]
      },
      {
        "date" : 733263589.580254,
        "title" : "Untitled",
        "transform" : [
          -0.4134481,
          -3.5825227e-09,
          -0.9105277,
          0,
          -0.37153366,
          0.9129631,
          0.16870424,
          0,
          0.8312782,
          0.4080421,
          -0.37746283,
          0,
          0.22288302,
          0.9828056,
          -3.0006824,
          1
        ]
      },
      {
        "date" : 733263473.484861,
        "title" : "Untitled",
        "transform" : [
          -0.4134481,
          -3.5825227e-09,
          -0.9105277,
          0,
          -0.37153366,
          0.9129631,
          0.16870424,
          0,
          0.8312782,
          0.4080421,
          -0.37746283,
          0,
          0.115871295,
          1.2396188,
          -2.958734,
          1
        ]
      }
    ]
  },
  "selectedSceneRelativePath" : "Immersive.usda"
}