{
  "advancedEditorSelectedIdentifier" : "ProjectBrowser",
  "openSceneRelativePaths" : [
    "EditRobot.usda",
    "Immersive.usda",
    "mundoRampa.usda"
  ],
  "recentIdentifiers" : {
    "397D1B20-8233-40CA-837A-897FFA3E985C" : [

    ],
    "AF09ED6F-1707-48FD-8720-65B998362C09" : [

    ]
  },
  "sceneCameraHistory" : {
    "96C87571-9E08-42C1-97D6-F0635531F425" : [
      {
        "date" : 733925027.715469,
        "title" : "Untitled",
        "transform" : [
          0.8828906,
          2.5895688e-09,
          0.46957865,
          0,
          0.24613868,
          0.85161406,
          -0.4627841,
          0,
          -0.39989987,
          0.52416927,
          0.7518821,
          0,
          -0.50184274,
          0.73938656,
          -1.8266307,
          1
        ]
      },
      {
        "date" : 733924263.038533,
        "title" : "Untitled",
        "transform" : [
          1,
          0,
          -0,
          0,
          -0,
          0.86851895,
          -0.49565595,
          0,
          0,
          0.49565595,
          0.86851895,
          0,
          -0.11121072,
          3.2239585,
          3.996331,
          1
        ]
      }
    ],
    "397D1B20-8233-40CA-837A-897FFA3E985C" : [
      {
        "date" : 734275180.915964,
        "title" : "Untitled",
        "transform" : [
          0.9964927,
          -2.0763828e-08,
          0.08368042,
          0,
          0.043089446,
          0.85723346,
          -0.5131219,
          0,
          -0.07173398,
          0.51492774,
          0.8542269,
          0,
          0.8839444,
          2.8470702,
          1.2999644,
          1
        ]
      },
      {
        "date" : 734275146.784739,
        "title" : "Untitled",
        "transform" : [
          0.9964927,
          -2.0763828e-08,
          0.08368042,
          0,
          0.043089446,
          0.85723346,
          -0.5131219,
          0,
          -0.07173399,
          0.5149278,
          0.854227,
          0,
          0.04349363,
          2.6603346,
          1.3419514,
          1
        ]
      },
      {
        "date" : 734275144.631425,
        "title" : "Untitled",
        "transform" : [
          0.9923006,
          -2.1830745e-08,
          0.12385279,
          0,
          0.052523907,
          0.9056234,
          -0.4208177,
          0,
          -0.11216432,
          0.42408276,
          0.8986507,
          0,
          -0.10002804,
          2.324057,
          1.4475744,
          1
        ]
      },
      {
        "date" : 734275142.130282,
        "title" : "Untitled",
        "transform" : [
          0.9923006,
          -2.1830745e-08,
          0.12385279,
          0,
          0.052523907,
          0.9056234,
          -0.4208177,
          0,
          -0.11216432,
          0.42408276,
          0.8986507,
          0,
          -0.0917505,
          2.3377252,
          1.4421573,
          1
        ]
      },
      {
        "date" : 734275140.182899,
        "title" : "Untitled",
        "transform" : [
          0.9923006,
          -2.1830745e-08,
          0.12385279,
          0,
          0.052523907,
          0.9056234,
          -0.4208177,
          0,
          -0.11216432,
          0.42408276,
          0.8986507,
          0,
          -0.092630506,
          2.3155017,
          1.4525349,
          1
        ]
      },
      {
        "date" : 734275095.84132,
        "title" : "Untitled",
        "transform" : [
          0.9923006,
          -2.1830745e-08,
          0.12385279,
          0,
          0.052523907,
          0.9056234,
          -0.4208177,
          0,
          -0.11216432,
          0.42408276,
          0.8986507,
          0,
          0.15565407,
          1.9537214,
          1.6542519,
          1
        ]
      },
      {
        "date" : 734275090.768338,
        "title" : "Untitled",
        "transform" : [
          0.99767035,
          -2.1955943e-08,
          -0.06821922,
          0,
          -0.04254082,
          0.78175104,
          -0.62213784,
          0,
          0.053330135,
          0.62359047,
          0.77993006,
          0,
          0.80176634,
          2.1892822,
          1.5448319,
          1
        ]
      },
      {
        "date" : 734275055.389775,
        "title" : "Untitled",
        "transform" : [
          0.9976705,
          -2.1955945e-08,
          -0.06821923,
          0,
          -0.04254082,
          0.78175104,
          -0.62213784,
          0,
          0.053330127,
          0.6235904,
          0.77992994,
          0,
          1.137279,
          2.506639,
          1.2681487,
          1
        ]
      },
      {
        "date" : 734275050.635657,
        "title" : "Untitled",
        "transform" : [
          0.94350094,
          -2.265373e-08,
          0.33137,
          0,
          0.11600329,
          0.93672293,
          -0.3302929,
          0,
          -0.3104022,
          0.35007155,
          0.8837989,
          0,
          -0.19767487,
          1.1965742,
          1.3679225,
          1
        ]
      },
      {
        "date" : 734275048.523933,
        "title" : "Untitled",
        "transform" : [
          0.94350094,
          -2.265373e-08,
          0.33137,
          0,
          0.11600329,
          0.93672293,
          -0.3302929,
          0,
          -0.3104022,
          0.35007155,
          0.8837989,
          0,
          -0.22205365,
          1.3344727,
          1.304739,
          1
        ]
      }
    ],
    "AF09ED6F-1707-48FD-8720-65B998362C09" : [
      {
        "date" : 734273753.326898,
        "title" : "Untitled",
        "transform" : [
          0.9178537,
          -7.126923e-08,
          0.39691892,
          0,
          0.31142405,
          0.61999774,
          -0.7201512,
          0,
          -0.24608879,
          0.7846035,
          0.5690673,
          0,
          -0.4949386,
          2.7439952,
          0.0009889603,
          1
        ]
      },
      {
        "date" : 734273679.355505,
        "title" : "Untitled",
        "transform" : [
          0.9275032,
          -7.495873e-08,
          0.37381524,
          0,
          0.2668895,
          0.7001856,
          -0.6622009,
          0,
          -0.26174,
          0.71396077,
          0.6494245,
          0,
          -0.5246935,
          2.491666,
          0.22540712,
          1
        ]
      },
      {
        "date" : 734273674.451756,
        "title" : "Untitled",
        "transform" : [
          0.8674494,
          -7.7294594e-08,
          -0.4975255,
          0,
          -0.47117808,
          0.32110605,
          -0.82151204,
          0,
          0.1597586,
          0.9470432,
          0.27854332,
          0,
          1.0042107,
          3.337676,
          -1.135165,
          1
        ]
      },
      {
        "date" : 734273670.044904,
        "title" : "Untitled",
        "transform" : [
          0.9931638,
          -4.9798903e-08,
          -0.1167289,
          0,
          -0.036125842,
          0.95090413,
          -0.30736965,
          0,
          0.11099804,
          0.3094852,
          0.94440365,
          0,
          0.7429214,
          1.1437407,
          0.8729563,
          1
        ]
      },
      {
        "date" : 734273664.625608,
        "title" : "Untitled",
        "transform" : [
          0.99342006,
          -4.802052e-08,
          0.11452744,
          0,
          0.07609049,
          0.74738926,
          -0.6600147,
          0,
          -0.08559655,
          0.6643862,
          0.74247164,
          0,
          -0.03556788,
          2.5453215,
          0.23800564,
          1
        ]
      },
      {
        "date" : 734273647.37814,
        "title" : "Untitled",
        "transform" : [
          0.95361483,
          -4.2784976e-08,
          0.30102944,
          0,
          0.2386942,
          0.6093174,
          -0.7561463,
          0,
          -0.1834225,
          0.7929264,
          0.58105433,
          0,
          -0.35678267,
          2.9517078,
          -0.21641648,
          1
        ]
      },
      {
        "date" : 734273640.581256,
        "title" : "Untitled",
        "transform" : [
          0.82939756,
          -4.182614e-08,
          -0.55865884,
          0,
          -0.28268534,
          0.8625293,
          -0.41968107,
          0,
          0.48185968,
          0.5060071,
          0.7153798,
          0,
          1.7893618,
          2.01497,
          0.043036863,
          1
        ]
      },
      {
        "date" : 734273636.841793,
        "title" : "Untitled",
        "transform" : [
          0.82939756,
          -4.182614e-08,
          -0.55865884,
          0,
          -0.28268534,
          0.8625293,
          -0.41968107,
          0,
          0.48185968,
          0.5060071,
          0.7153798,
          0,
          1.9462608,
          1.8477945,
          0.055601865,
          1
        ]
      },
      {
        "date" : 734273622.63282,
        "title" : "Untitled",
        "transform" : [
          0.82939756,
          -4.182614e-08,
          -0.55865884,
          0,
          -0.28268534,
          0.8625293,
          -0.41968107,
          0,
          0.48185968,
          0.5060071,
          0.7153798,
          0,
          1.7640495,
          1.5965198,
          -0.28841627,
          1
        ]
      },
      {
        "date" : 734273614.288457,
        "title" : "Untitled",
        "transform" : [
          0.98614275,
          -1.8415697e-08,
          0.16589895,
          0,
          0.13878381,
          0.5478811,
          -0.8249639,
          0,
          -0.09089292,
          0.8365562,
          0.540289,
          0,
          0.1262092,
          2.5932693,
          -0.403795,
          1
        ]
      }
    ],
    "DAE84E1C-C3F5-4B96-A672-72E9946FDA98" : [
      {
        "date" : 734270629.360167,
        "title" : "Untitled",
        "transform" : [
          1,
          0,
          -0,
          0,
          -0,
          0.86851895,
          -0.49565595,
          0,
          0,
          0.49565595,
          0.86851895,
          0,
          -0.11121072,
          3.2239585,
          3.996331,
          1
        ]
      }
    ]
  },
  "selectedSceneRelativePath" : "mundoRampa.usda"
}